46,26
46,25
46,24
46,23
46,22
46,21
46,20
46,19
46,18
46,17
46,16
46,15
46,14
46,13
46,12
46,11
46,10
46,9
46,8
46,7
46,5
46,1
46,4
46,3
24,1
24,3
10,88
10,266
10,32
10,158
10,288
10,178
10,260
10,214
10,2
10,3
11,10
11,5
11,18
11,4
11,15
11,2
11,3
9,7
9,6
9,1
9,4
9,2
9,3
8,16
8,17
8,4
8,2
8,3
12,2
12,1
12,3
59,3
59,2
59,1
59,0
58,8
58,7
58,6
58,5
58,4
58,3
58,2
58,1
58,0
57,15
57,14
57,13
57,12
57,11
57,10
57,9
57,8
57,7
57,6
57,5
57,4
57,3
57,2
57,1
57,0
56,14
56,13
56,12
56,11
56,10
56,9
56,8
56,7
56,6
56,5
56,4
56,3
56,2
56,1
56,0
55,15
55,14
55,13
55,12
55,11
55,10
55,9
55,8
55,7
55,6
55,5
55,4
55,3
55,2
55,1
55,0
54,4
54,3
54,2
54,1
54,0
53,16
53,15
53,14
53,13
53,12
53,11
53,10
53,9
53,8
53,7
53,6
53,5
53,4
53,3
53,2
53,1
53,0
52,19
52,18
52,17
52,16
52,15
52,14
52,13
52,12
52,11
52,10
52,1
20,3
20,2
20,1
19,3
19,2
19,1
18,3
13,1
18,1
13,3
14,3
14,1
11,28
11,27
11,17
11,14
11,1
11,11
